450
20.000000, 20.000000, 0.000000, 1.000000
46.206897, 20.000000, 0.000000, 1.000000
72.413793, 20.000000, 0.000000, 1.000000
98.620690, 20.000000, 0.000000, 1.000000
124.827586, 20.000000, 0.000000, 1.000000
151.034483, 20.000000, 0.000000, 1.000000
177.241379, 20.000000, 0.000000, 1.000000
203.448276, 20.000000, 0.000000, 1.000000
229.655172, 20.000000, 0.000000, 1.000000
255.862069, 20.000000, 0.000000, 1.000000
282.068966, 20.000000, 0.000000, 1.000000
308.275862, 20.000000, 0.000000, 1.000000
334.482759, 20.000000, 0.000000, 1.000000
360.689655, 20.000000, 0.000000, 1.000000
386.896552, 20.000000, 0.000000, 1.000000
413.103448, 20.000000, 0.000000, 1.000000
439.310345, 20.000000, 0.000000, 1.000000
465.517241, 20.000000, 0.000000, 1.000000
491.724138, 20.000000, 0.000000, 1.000000
517.931034, 20.000000, 0.000000, 1.000000
544.137931, 20.000000, 0.000000, 1.000000
570.344828, 20.000000, 0.000000, 1.000000
596.551724, 20.000000, 0.000000, 1.000000
622.758621, 20.000000, 0.000000, 1.000000
648.965517, 20.000000, 0.000000, 1.000000
675.172414, 20.000000, 0.000000, 1.000000
701.379310, 20.000000, 0.000000, 1.000000
727.586207, 20.000000, 0.000000, 1.000000
753.793103, 20.000000, 0.000000, 1.000000
780.000000, 20.000000, 0.000000, 1.000000
20.000000, 47.142857, 0.000000, 1.000000
46.206897, 47.142857, 0.000000, 1.000000
72.413793, 47.142857, 0.000000, 1.000000
98.620690, 47.142857, 0.000000, 1.000000
124.827586, 47.142857, 0.000000, 1.000000
151.034483, 47.142857, 0.000000, 1.000000
177.241379, 47.142857, 0.000000, 1.000000
203.448276, 47.142857, 0.000000, 1.000000
229.655172, 47.142857, 0.000000, 1.000000
255.862069, 47.142857, 0.000000, 1.000000
282.068966, 47.142857, 0.000000, 1.000000
308.275862, 47.142857, 0.000000, 1.000000
334.482759, 47.142857, 0.000000, 1.000000
360.689655, 47.142857, 0.000000, 1.000000
386.896552, 47.142857, 0.000000, 1.000000
413.103448, 47.142857, 0.000000, 1.000000
439.310345, 47.142857, 0.000000, 1.000000
465.517241, 47.142857, 0.000000, 1.000000
491.724138, 47.142857, 0.000000, 1.000000
517.931034, 47.142857, 0.000000, 1.000000
544.137931, 47.142857, 0.000000, 1.000000
570.344828, 47.142857, 0.000000, 1.000000
596.551724, 47.142857, 0.000000, 1.000000
622.758621, 47.142857, 0.000000, 1.000000
648.965517, 47.142857, 0.000000, 1.000000
675.172414, 47.142857, 0.000000, 1.000000
701.379310, 47.142857, 0.000000, 1.000000
727.586207, 47.142857, 0.000000, 1.000000
753.793103, 47.142857, 0.000000, 1.000000
780.000000, 47.142857, 0.000000, 1.000000
20.000000, 74.285714, 0.000000, 1.000000
46.206897, 74.285714, 0.000000, 1.000000
72.413793, 74.285714, 0.000000, 1.000000
98.620690, 74.285714, 0.000000, 1.000000
124.827586, 74.285714, 0.000000, 1.000000
151.034483, 74.285714, 0.000000, 1.000000
177.241379, 74.285714, 0.000000, 1.000000
203.448276, 74.285714, 0.000000, 1.000000
229.655172, 74.285714, 0.000000, 1.000000
255.862069, 74.285714, 0.000000, 1.000000
282.068966, 74.285714, 0.000000, 1.000000
308.275862, 74.285714, 0.000000, 1.000000
334.482759, 74.285714, 0.000000, 1.000000
360.689655, 74.285714, 0.000000, 1.000000
386.896552, 74.285714, 0.000000, 1.000000
413.103448, 74.285714, 0.000000, 1.000000
439.310345, 74.285714, 0.000000, 1.000000
465.517241, 74.285714, 0.000000, 1.000000
491.724138, 74.285714, 0.000000, 1.000000
517.931034, 74.285714, 0.000000, 1.000000
544.137931, 74.285714, 0.000000, 1.000000
570.344828, 74.285714, 0.000000, 1.000000
596.551724, 74.285714, 0.000000, 1.000000
622.758621, 74.285714, 0.000000, 1.000000
648.965517, 74.285714, 0.000000, 1.000000
675.172414, 74.285714, 0.000000, 1.000000
701.379310, 74.285714, 0.000000, 1.000000
727.586207, 74.285714, 0.000000, 1.000000
753.793103, 74.285714, 0.000000, 1.000000
780.000000, 74.285714, 0.000000, 1.000000
20.000000, 101.428571, 0.000000, 1.000000
46.206897, 101.428571, 0.000000, 1.000000
72.413793, 101.428571, 0.000000, 1.000000
98.620690, 101.428571, 0.000000, 1.000000
124.827586, 101.428571, 0.000000, 1.000000
151.034483, 101.428571, 0.000000, 1.000000
177.241379, 101.428571, 0.000000, 1.000000
203.448276, 101.428571, 0.000000, 1.000000
229.655172, 101.428571, 0.000000, 1.000000
255.862069, 101.428571, 0.000000, 1.000000
282.068966, 101.428571, 0.000000, 1.000000
308.275862, 101.428571, 0.000000, 1.000000
334.482759, 101.428571, 0.000000, 1.000000
360.689655, 101.428571, 0.000000, 1.000000
386.896552, 101.428571, 0.000000, 1.000000
413.103448, 101.428571, 0.000000, 1.000000
439.310345, 101.428571, 0.000000, 1.000000
465.517241, 101.428571, 0.000000, 1.000000
491.724138, 101.428571, 0.000000, 1.000000
517.931034, 101.428571, 0.000000, 1.000000
544.137931, 101.428571, 0.000000, 1.000000
570.344828, 101.428571, 0.000000, 1.000000
596.551724, 101.428571, 0.000000, 1.000000
622.758621, 101.428571, 0.000000, 1.000000
648.965517, 101.428571, 0.000000, 1.000000
675.172414, 101.428571, 0.000000, 1.000000
701.379310, 101.428571, 0.000000, 1.000000
727.586207, 101.428571, 0.000000, 1.000000
753.793103, 101.428571, 0.000000, 1.000000
780.000000, 101.428571, 0.000000, 1.000000
20.000000, 128.571429, 0.000000, 1.000000
46.206897, 128.571429, 0.000000, 1.000000
72.413793, 128.571429, 0.000000, 1.000000
98.620690, 128.571429, 0.000000, 1.000000
124.827586, 128.571429, 0.000000, 1.000000
151.034483, 128.571429, 0.000000, 1.000000
177.241379, 128.571429, 0.000000, 1.000000
203.448276, 128.571429, 0.000000, 1.000000
229.655172, 128.571429, 0.000000, 1.000000
255.862069, 128.571429, 0.000000, 1.000000
282.068966, 128.571429, 0.000000, 1.000000
308.275862, 128.571429, 0.000000, 1.000000
334.482759, 128.571429, 0.000000, 1.000000
360.689655, 128.571429, 0.000000, 1.000000
386.896552, 128.571429, 0.000000, 1.000000
413.103448, 128.571429, 0.000000, 1.000000
439.310345, 128.571429, 0.000000, 1.000000
465.517241, 128.571429, 0.000000, 1.000000
491.724138, 128.571429, 0.000000, 1.000000
517.931034, 128.571429, 0.000000, 1.000000
544.137931, 128.571429, 0.000000, 1.000000
570.344828, 128.571429, 0.000000, 1.000000
596.551724, 128.571429, 0.000000, 1.000000
622.758621, 128.571429, 0.000000, 1.000000
648.965517, 128.571429, 0.000000, 1.000000
675.172414, 128.571429, 0.000000, 1.000000
701.379310, 128.571429, 0.000000, 1.000000
727.586207, 128.571429, 0.000000, 1.000000
753.793103, 128.571429, 0.000000, 1.000000
780.000000, 128.571429, 0.000000, 1.000000
20.000000, 155.714286, 0.000000, 1.000000
46.206897, 155.714286, 0.000000, 1.000000
72.413793, 155.714286, 0.000000, 1.000000
98.620690, 155.714286, 0.000000, 1.000000
124.827586, 155.714286, 0.000000, 1.000000
151.034483, 155.714286, 0.000000, 1.000000
177.241379, 155.714286, 0.000000, 1.000000
203.448276, 155.714286, 0.000000, 1.000000
229.655172, 155.714286, 0.000000, 1.000000
255.862069, 155.714286, 0.000000, 1.000000
282.068966, 155.714286, 0.000000, 1.000000
308.275862, 155.714286, 0.000000, 1.000000
334.482759, 155.714286, 0.000000, 1.000000
360.689655, 155.714286, 0.000000, 1.000000
386.896552, 155.714286, 0.000000, 1.000000
413.103448, 155.714286, 0.000000, 1.000000
439.310345, 155.714286, 0.000000, 1.000000
465.517241, 155.714286, 0.000000, 1.000000
491.724138, 155.714286, 0.000000, 1.000000
517.931034, 155.714286, 0.000000, 1.000000
544.137931, 155.714286, 0.000000, 1.000000
570.344828, 155.714286, 0.000000, 1.000000
596.551724, 155.714286, 0.000000, 1.000000
622.758621, 155.714286, 0.000000, 1.000000
648.965517, 155.714286, 0.000000, 1.000000
675.172414, 155.714286, 0.000000, 1.000000
701.379310, 155.714286, 0.000000, 1.000000
727.586207, 155.714286, 0.000000, 1.000000
753.793103, 155.714286, 0.000000, 1.000000
780.000000, 155.714286, 0.000000, 1.000000
20.000000, 182.857143, 0.000000, 1.000000
46.206897, 182.857143, 0.000000, 1.000000
72.413793, 182.857143, 0.000000, 1.000000
98.620690, 182.857143, 0.000000, 1.000000
124.827586, 182.857143, 0.000000, 1.000000
151.034483, 182.857143, 0.000000, 1.000000
177.241379, 182.857143, 0.000000, 1.000000
203.448276, 182.857143, 0.000000, 1.000000
229.655172, 182.857143, 0.000000, 1.000000
255.862069, 182.857143, 0.000000, 1.000000
282.068966, 182.857143, 0.000000, 1.000000
308.275862, 182.857143, 0.000000, 1.000000
334.482759, 182.857143, 0.000000, 1.000000
360.689655, 182.857143, 0.000000, 1.000000
386.896552, 182.857143, 0.000000, 1.000000
413.103448, 182.857143, 0.000000, 1.000000
439.310345, 182.857143, 0.000000, 1.000000
465.517241, 182.857143, 0.000000, 1.000000
491.724138, 182.857143, 0.000000, 1.000000
517.931034, 182.857143, 0.000000, 1.000000
544.137931, 182.857143, 0.000000, 1.000000
570.344828, 182.857143, 0.000000, 1.000000
596.551724, 182.857143, 0.000000, 1.000000
622.758621, 182.857143, 0.000000, 1.000000
648.965517, 182.857143, 0.000000, 1.000000
675.172414, 182.857143, 0.000000, 1.000000
701.379310, 182.857143, 0.000000, 1.000000
727.586207, 182.857143, 0.000000, 1.000000
753.793103, 182.857143, 0.000000, 1.000000
780.000000, 182.857143, 0.000000, 1.000000
20.000000, 210.000000, 0.000000, 1.000000
46.206897, 210.000000, 0.000000, 1.000000
72.413793, 210.000000, 0.000000, 1.000000
98.620690, 210.000000, 0.000000, 1.000000
124.827586, 210.000000, 0.000000, 1.000000
151.034483, 210.000000, 0.000000, 1.000000
177.241379, 210.000000, 0.000000, 1.000000
203.448276, 210.000000, 0.000000, 1.000000
229.655172, 210.000000, 0.000000, 1.000000
255.862069, 210.000000, 0.000000, 1.000000
282.068966, 210.000000, 0.000000, 1.000000
308.275862, 210.000000, 0.000000, 1.000000
334.482759, 210.000000, 0.000000, 1.000000
360.689655, 210.000000, 0.000000, 1.000000
386.896552, 210.000000, 0.000000, 1.000000
413.103448, 210.000000, 0.000000, 1.000000
439.310345, 210.000000, 0.000000, 1.000000
465.517241, 210.000000, 0.000000, 1.000000
491.724138, 210.000000, 0.000000, 1.000000
517.931034, 210.000000, 0.000000, 1.000000
544.137931, 210.000000, 0.000000, 1.000000
570.344828, 210.000000, 0.000000, 1.000000
596.551724, 210.000000, 0.000000, 1.000000
622.758621, 210.000000, 0.000000, 1.000000
648.965517, 210.000000, 0.000000, 1.000000
675.172414, 210.000000, 0.000000, 1.000000
701.379310, 210.000000, 0.000000, 1.000000
727.586207, 210.000000, 0.000000, 1.000000
753.793103, 210.000000, 0.000000, 1.000000
780.000000, 210.000000, 0.000000, 1.000000
20.000000, 237.142857, 0.000000, 1.000000
46.206897, 237.142857, 0.000000, 1.000000
72.413793, 237.142857, 0.000000, 1.000000
98.620690, 237.142857, 0.000000, 1.000000
124.827586, 237.142857, 0.000000, 1.000000
151.034483, 237.142857, 0.000000, 1.000000
177.241379, 237.142857, 0.000000, 1.000000
203.448276, 237.142857, 0.000000, 1.000000
229.655172, 237.142857, 0.000000, 1.000000
255.862069, 237.142857, 0.000000, 1.000000
282.068966, 237.142857, 0.000000, 1.000000
308.275862, 237.142857, 0.000000, 1.000000
334.482759, 237.142857, 0.000000, 1.000000
360.689655, 237.142857, 0.000000, 1.000000
386.896552, 237.142857, 0.000000, 1.000000
413.103448, 237.142857, 0.000000, 1.000000
439.310345, 237.142857, 0.000000, 1.000000
465.517241, 237.142857, 0.000000, 1.000000
491.724138, 237.142857, 0.000000, 1.000000
517.931034, 237.142857, 0.000000, 1.000000
544.137931, 237.142857, 0.000000, 1.000000
570.344828, 237.142857, 0.000000, 1.000000
596.551724, 237.142857, 0.000000, 1.000000
622.758621, 237.142857, 0.000000, 1.000000
648.965517, 237.142857, 0.000000, 1.000000
675.172414, 237.142857, 0.000000, 1.000000
701.379310, 237.142857, 0.000000, 1.000000
727.586207, 237.142857, 0.000000, 1.000000
753.793103, 237.142857, 0.000000, 1.000000
780.000000, 237.142857, 0.000000, 1.000000
20.000000, 264.285714, 0.000000, 1.000000
46.206897, 264.285714, 0.000000, 1.000000
72.413793, 264.285714, 0.000000, 1.000000
98.620690, 264.285714, 0.000000, 1.000000
124.827586, 264.285714, 0.000000, 1.000000
151.034483, 264.285714, 0.000000, 1.000000
177.241379, 264.285714, 0.000000, 1.000000
203.448276, 264.285714, 0.000000, 1.000000
229.655172, 264.285714, 0.000000, 1.000000
255.862069, 264.285714, 0.000000, 1.000000
282.068966, 264.285714, 0.000000, 1.000000
308.275862, 264.285714, 0.000000, 1.000000
334.482759, 264.285714, 0.000000, 1.000000
360.689655, 264.285714, 0.000000, 1.000000
386.896552, 264.285714, 0.000000, 1.000000
413.103448, 264.285714, 0.000000, 1.000000
439.310345, 264.285714, 0.000000, 1.000000
465.517241, 264.285714, 0.000000, 1.000000
491.724138, 264.285714, 0.000000, 1.000000
517.931034, 264.285714, 0.000000, 1.000000
544.137931, 264.285714, 0.000000, 1.000000
570.344828, 264.285714, 0.000000, 1.000000
596.551724, 264.285714, 0.000000, 1.000000
622.758621, 264.285714, 0.000000, 1.000000
648.965517, 264.285714, 0.000000, 1.000000
675.172414, 264.285714, 0.000000, 1.000000
701.379310, 264.285714, 0.000000, 1.000000
727.586207, 264.285714, 0.000000, 1.000000
753.793103, 264.285714, 0.000000, 1.000000
780.000000, 264.285714, 0.000000, 1.000000
20.000000, 291.428571, 0.000000, 1.000000
46.206897, 291.428571, 0.000000, 1.000000
72.413793, 291.428571, 0.000000, 1.000000
98.620690, 291.428571, 0.000000, 1.000000
124.827586, 291.428571, 0.000000, 1.000000
151.034483, 291.428571, 0.000000, 1.000000
177.241379, 291.428571, 0.000000, 1.000000
203.448276, 291.428571, 0.000000, 1.000000
229.655172, 291.428571, 0.000000, 1.000000
255.862069, 291.428571, 0.000000, 1.000000
282.068966, 291.428571, 0.000000, 1.000000
308.275862, 291.428571, 0.000000, 1.000000
334.482759, 291.428571, 0.000000, 1.000000
360.689655, 291.428571, 0.000000, 1.000000
386.896552, 291.428571, 0.000000, 1.000000
413.103448, 291.428571, 0.000000, 1.000000
439.310345, 291.428571, 0.000000, 1.000000
465.517241, 291.428571, 0.000000, 1.000000
491.724138, 291.428571, 0.000000, 1.000000
517.931034, 291.428571, 0.000000, 1.000000
544.137931, 291.428571, 0.000000, 1.000000
570.344828, 291.428571, 0.000000, 1.000000
596.551724, 291.428571, 0.000000, 1.000000
622.758621, 291.428571, 0.000000, 1.000000
648.965517, 291.428571, 0.000000, 1.000000
675.172414, 291.428571, 0.000000, 1.000000
701.379310, 291.428571, 0.000000, 1.000000
727.586207, 291.428571, 0.000000, 1.000000
753.793103, 291.428571, 0.000000, 1.000000
780.000000, 291.428571, 0.000000, 1.000000
20.000000, 318.571429, 0.000000, 1.000000
46.206897, 318.571429, 0.000000, 1.000000
72.413793, 318.571429, 0.000000, 1.000000
98.620690, 318.571429, 0.000000, 1.000000
124.827586, 318.571429, 0.000000, 1.000000
151.034483, 318.571429, 0.000000, 1.000000
177.241379, 318.571429, 0.000000, 1.000000
203.448276, 318.571429, 0.000000, 1.000000
229.655172, 318.571429, 0.000000, 1.000000
255.862069, 318.571429, 0.000000, 1.000000
282.068966, 318.571429, 0.000000, 1.000000
308.275862, 318.571429, 0.000000, 1.000000
334.482759, 318.571429, 0.000000, 1.000000
360.689655, 318.571429, 0.000000, 1.000000
386.896552, 318.571429, 0.000000, 1.000000
413.103448, 318.571429, 0.000000, 1.000000
439.310345, 318.571429, 0.000000, 1.000000
465.517241, 318.571429, 0.000000, 1.000000
491.724138, 318.571429, 0.000000, 1.000000
517.931034, 318.571429, 0.000000, 1.000000
544.137931, 318.571429, 0.000000, 1.000000
570.344828, 318.571429, 0.000000, 1.000000
596.551724, 318.571429, 0.000000, 1.000000
622.758621, 318.571429, 0.000000, 1.000000
648.965517, 318.571429, 0.000000, 1.000000
675.172414, 318.571429, 0.000000, 1.000000
701.379310, 318.571429, 0.000000, 1.000000
727.586207, 318.571429, 0.000000, 1.000000
753.793103, 318.571429, 0.000000, 1.000000
780.000000, 318.571429, 0.000000, 1.000000
20.000000, 345.714286, 0.000000, 1.000000
46.206897, 345.714286, 0.000000, 1.000000
72.413793, 345.714286, 0.000000, 1.000000
98.620690, 345.714286, 0.000000, 1.000000
124.827586, 345.714286, 0.000000, 1.000000
151.034483, 345.714286, 0.000000, 1.000000
177.241379, 345.714286, 0.000000, 1.000000
203.448276, 345.714286, 0.000000, 1.000000
229.655172, 345.714286, 0.000000, 1.000000
255.862069, 345.714286, 0.000000, 1.000000
282.068966, 345.714286, 0.000000, 1.000000
308.275862, 345.714286, 0.000000, 1.000000
334.482759, 345.714286, 0.000000, 1.000000
360.689655, 345.714286, 0.000000, 1.000000
386.896552, 345.714286, 0.000000, 1.000000
413.103448, 345.714286, 0.000000, 1.000000
439.310345, 345.714286, 0.000000, 1.000000
465.517241, 345.714286, 0.000000, 1.000000
491.724138, 345.714286, 0.000000, 1.000000
517.931034, 345.714286, 0.000000, 1.000000
544.137931, 345.714286, 0.000000, 1.000000
570.344828, 345.714286, 0.000000, 1.000000
596.551724, 345.714286, 0.000000, 1.000000
622.758621, 345.714286, 0.000000, 1.000000
648.965517, 345.714286, 0.000000, 1.000000
675.172414, 345.714286, 0.000000, 1.000000
701.379310, 345.714286, 0.000000, 1.000000
727.586207, 345.714286, 0.000000, 1.000000
753.793103, 345.714286, 0.000000, 1.000000
780.000000, 345.714286, 0.000000, 1.000000
20.000000, 372.857143, 0.000000, 1.000000
46.206897, 372.857143, 0.000000, 1.000000
72.413793, 372.857143, 0.000000, 1.000000
98.620690, 372.857143, 0.000000, 1.000000
124.827586, 372.857143, 0.000000, 1.000000
151.034483, 372.857143, 0.000000, 1.000000
177.241379, 372.857143, 0.000000, 1.000000
203.448276, 372.857143, 0.000000, 1.000000
229.655172, 372.857143, 0.000000, 1.000000
255.862069, 372.857143, 0.000000, 1.000000
282.068966, 372.857143, 0.000000, 1.000000
308.275862, 372.857143, 0.000000, 1.000000
334.482759, 372.857143, 0.000000, 1.000000
360.689655, 372.857143, 0.000000, 1.000000
386.896552, 372.857143, 0.000000, 1.000000
413.103448, 372.857143, 0.000000, 1.000000
439.310345, 372.857143, 0.000000, 1.000000
465.517241, 372.857143, 0.000000, 1.000000
491.724138, 372.857143, 0.000000, 1.000000
517.931034, 372.857143, 0.000000, 1.000000
544.137931, 372.857143, 0.000000, 1.000000
570.344828, 372.857143, 0.000000, 1.000000
596.551724, 372.857143, 0.000000, 1.000000
622.758621, 372.857143, 0.000000, 1.000000
648.965517, 372.857143, 0.000000, 1.000000
675.172414, 372.857143, 0.000000, 1.000000
701.379310, 372.857143, 0.000000, 1.000000
727.586207, 372.857143, 0.000000, 1.000000
753.793103, 372.857143, 0.000000, 1.000000
780.000000, 372.857143, 0.000000, 1.000000
20.000000, 400.000000, 0.000000, 1.000000
46.206897, 400.000000, 0.000000, 1.000000
72.413793, 400.000000, 0.000000, 1.000000
98.620690, 400.000000, 0.000000, 1.000000
124.827586, 400.000000, 0.000000, 1.000000
151.034483, 400.000000, 0.000000, 1.000000
177.241379, 400.000000, 0.000000, 1.000000
203.448276, 400.000000, 0.000000, 1.000000
229.655172, 400.000000, 0.000000, 1.000000
255.862069, 400.000000, 0.000000, 1.000000
282.068966, 400.000000, 0.000000, 1.000000
308.275862, 400.000000, 0.000000, 1.000000
334.482759, 400.000000, 0.000000, 1.000000
360.689655, 400.000000, 0.000000, 1.000000
386.896552, 400.000000, 0.000000, 1.000000
413.103448, 400.000000, 0.000000, 1.000000
439.310345, 400.000000, 0.000000, 1.000000
465.517241, 400.000000, 0.000000, 1.000000
491.724138, 400.000000, 0.000000, 1.000000
517.931034, 400.000000, 0.000000, 1.000000
544.137931, 400.000000, 0.000000, 1.000000
570.344828, 400.000000, 0.000000, 1.000000
596.551724, 400.000000, 0.000000, 1.000000
622.758621, 400.000000, 0.000000, 1.000000
648.965517, 400.000000, 0.000000, 1.000000
675.172414, 400.000000, 0.000000, 1.000000
701.379310, 400.000000, 0.000000, 1.000000
727.586207, 400.000000, 0.000000, 1.000000
753.793103, 400.000000, 0.000000, 1.000000
780.000000, 400.000000, 0.000000, 1.000000
