1,20,21,
0,2,20,21,22,
1,3,21,22,23,
2,4,22,23,24,
3,5,23,24,25,
4,6,24,25,26,
5,7,25,26,27,
6,8,26,27,28,
7,9,27,28,29,
8,10,28,29,30,
9,11,29,30,31,
10,12,30,31,32,
11,13,31,32,33,
12,14,32,33,34,
13,15,33,34,35,
14,16,34,35,36,
15,17,35,36,37,
16,18,36,37,38,
17,19,37,38,39,
18,38,39,
0,1,21,40,41,
0,1,2,20,22,40,41,42,
1,2,3,21,23,41,42,43,
2,3,4,22,24,42,43,44,
3,4,5,23,25,43,44,45,
4,5,6,24,26,44,45,46,
5,6,7,25,27,45,46,47,
6,7,8,26,28,46,47,48,
7,8,9,27,29,47,48,49,
8,9,10,28,30,48,49,50,
9,10,11,29,31,49,50,51,
10,11,12,30,32,50,51,52,
11,12,13,31,33,51,52,53,
12,13,14,32,34,52,53,54,
13,14,15,33,35,53,54,55,
14,15,16,34,36,54,55,56,
15,16,17,35,37,55,56,57,
16,17,18,36,38,56,57,58,
17,18,19,37,39,57,58,59,
18,19,38,58,59,
20,21,41,60,61,
20,21,22,40,42,60,61,62,
21,22,23,41,43,61,62,63,
22,23,24,42,44,62,63,64,
23,24,25,43,45,63,64,65,
24,25,26,44,46,64,65,66,
25,26,27,45,47,65,66,67,
26,27,28,46,48,66,67,68,
27,28,29,47,49,67,68,69,
28,29,30,48,50,68,69,70,
29,30,31,49,51,69,70,71,
30,31,32,50,52,70,71,72,
31,32,33,51,53,71,72,73,
32,33,34,52,54,72,73,74,
33,34,35,53,55,73,74,75,
34,35,36,54,56,74,75,76,
35,36,37,55,57,75,76,77,
36,37,38,56,58,76,77,78,
37,38,39,57,59,77,78,79,
38,39,58,78,79,
40,41,61,80,81,
40,41,42,60,62,80,81,82,
41,42,43,61,63,81,82,83,
42,43,44,62,64,82,83,84,
43,44,45,63,65,83,84,85,
44,45,46,64,66,84,85,86,
45,46,47,65,67,85,86,87,
46,47,48,66,68,86,87,88,
47,48,49,67,69,87,88,89,
48,49,50,68,70,88,89,90,
49,50,51,69,71,89,90,91,
50,51,52,70,72,90,91,92,
51,52,53,71,73,91,92,93,
52,53,54,72,74,92,93,94,
53,54,55,73,75,93,94,95,
54,55,56,74,76,94,95,96,
55,56,57,75,77,95,96,97,
56,57,58,76,78,96,97,98,
57,58,59,77,79,97,98,99,
58,59,78,98,99,
60,61,81,100,101,
60,61,62,80,82,100,101,102,
61,62,63,81,83,101,102,103,
62,63,64,82,84,102,103,104,
63,64,65,83,85,103,104,105,
64,65,66,84,86,104,105,106,
65,66,67,85,87,105,106,107,
66,67,68,86,88,106,107,108,
67,68,69,87,89,107,108,109,
68,69,70,88,90,108,109,110,
69,70,71,89,91,109,110,111,
70,71,72,90,92,110,111,112,
71,72,73,91,93,111,112,113,
72,73,74,92,94,112,113,114,
73,74,75,93,95,113,114,115,
74,75,76,94,96,114,115,116,
75,76,77,95,97,115,116,117,
76,77,78,96,98,116,117,118,
77,78,79,97,99,117,118,119,
78,79,98,118,119,
80,81,101,120,121,
80,81,82,100,102,120,121,122,
81,82,83,101,103,121,122,123,
82,83,84,102,104,122,123,124,
83,84,85,103,105,123,124,125,
84,85,86,104,106,124,125,126,
85,86,87,105,107,125,126,127,
86,87,88,106,108,126,127,128,
87,88,89,107,109,127,128,129,
88,89,90,108,110,128,129,130,
89,90,91,109,111,129,130,131,
90,91,92,110,112,130,131,132,
91,92,93,111,113,131,132,133,
92,93,94,112,114,132,133,134,
93,94,95,113,115,133,134,135,
94,95,96,114,116,134,135,136,
95,96,97,115,117,135,136,137,
96,97,98,116,118,136,137,138,
97,98,99,117,119,137,138,139,
98,99,118,138,139,
100,101,121,140,141,
100,101,102,120,122,140,141,142,
101,102,103,121,123,141,142,143,
102,103,104,122,124,142,143,144,
103,104,105,123,125,143,144,145,
104,105,106,124,126,144,145,146,
105,106,107,125,127,145,146,147,
106,107,108,126,128,146,147,148,
107,108,109,127,129,147,148,149,
108,109,110,128,130,148,149,150,
109,110,111,129,131,149,150,151,
110,111,112,130,132,150,151,152,
111,112,113,131,133,151,152,153,
112,113,114,132,134,152,153,154,
113,114,115,133,135,153,154,155,
114,115,116,134,136,154,155,156,
115,116,117,135,137,155,156,157,
116,117,118,136,138,156,157,158,
117,118,119,137,139,157,158,159,
118,119,138,158,159,
120,121,141,160,161,
120,121,122,140,142,160,161,162,
121,122,123,141,143,161,162,163,
122,123,124,142,144,162,163,164,
123,124,125,143,145,163,164,165,
124,125,126,144,146,164,165,166,
125,126,127,145,147,165,166,167,
126,127,128,146,148,166,167,168,
127,128,129,147,149,167,168,169,
128,129,130,148,150,168,169,170,
129,130,131,149,151,169,170,171,
130,131,132,150,152,170,171,172,
131,132,133,151,153,171,172,173,
132,133,134,152,154,172,173,174,
133,134,135,153,155,173,174,175,
134,135,136,154,156,174,175,176,
135,136,137,155,157,175,176,177,
136,137,138,156,158,176,177,178,
137,138,139,157,159,177,178,179,
138,139,158,178,179,
140,141,161,180,181,
140,141,142,160,162,180,181,182,
141,142,143,161,163,181,182,183,
142,143,144,162,164,182,183,184,
143,144,145,163,165,183,184,185,
144,145,146,164,166,184,185,186,
145,146,147,165,167,185,186,187,
146,147,148,166,168,186,187,188,
147,148,149,167,169,187,188,189,
148,149,150,168,170,188,189,190,
149,150,151,169,171,189,190,191,
150,151,152,170,172,190,191,192,
151,152,153,171,173,191,192,193,
152,153,154,172,174,192,193,194,
153,154,155,173,175,193,194,195,
154,155,156,174,176,194,195,196,
155,156,157,175,177,195,196,197,
156,157,158,176,178,196,197,198,
157,158,159,177,179,197,198,199,
158,159,178,198,199,
160,161,181,200,201,
160,161,162,180,182,200,201,202,
161,162,163,181,183,201,202,203,
162,163,164,182,184,202,203,204,
163,164,165,183,185,203,204,205,
164,165,166,184,186,204,205,206,
165,166,167,185,187,205,206,207,
166,167,168,186,188,206,207,208,
167,168,169,187,189,207,208,209,
168,169,170,188,190,208,209,210,
169,170,171,189,191,209,210,211,
170,171,172,190,192,210,211,212,
171,172,173,191,193,211,212,213,
172,173,174,192,194,212,213,214,
173,174,175,193,195,213,214,215,
174,175,176,194,196,214,215,216,
175,176,177,195,197,215,216,217,
176,177,178,196,198,216,217,218,
177,178,179,197,199,217,218,219,
178,179,198,218,219,
180,181,201,220,221,
180,181,182,200,202,220,221,222,
181,182,183,201,203,221,222,223,
182,183,184,202,204,222,223,224,
183,184,185,203,205,223,224,225,
184,185,186,204,206,224,225,226,
185,186,187,205,207,225,226,227,
186,187,188,206,208,226,227,228,
187,188,189,207,209,227,228,229,
188,189,190,208,210,228,229,230,
189,190,191,209,211,229,230,231,
190,191,192,210,212,230,231,232,
191,192,193,211,213,231,232,233,
192,193,194,212,214,232,233,234,
193,194,195,213,215,233,234,235,
194,195,196,214,216,234,235,236,
195,196,197,215,217,235,236,237,
196,197,198,216,218,236,237,238,
197,198,199,217,219,237,238,239,
198,199,218,238,239,
200,201,221,240,241,
200,201,202,220,222,240,241,242,
201,202,203,221,223,241,242,243,
202,203,204,222,224,242,243,244,
203,204,205,223,225,243,244,245,
204,205,206,224,226,244,245,246,
205,206,207,225,227,245,246,247,
206,207,208,226,228,246,247,248,
207,208,209,227,229,247,248,249,
208,209,210,228,230,248,249,250,
209,210,211,229,231,249,250,251,
210,211,212,230,232,250,251,252,
211,212,213,231,233,251,252,253,
212,213,214,232,234,252,253,254,
213,214,215,233,235,253,254,255,
214,215,216,234,236,254,255,256,
215,216,217,235,237,255,256,257,
216,217,218,236,238,256,257,258,
217,218,219,237,239,257,258,259,
218,219,238,258,259,
220,221,241,260,261,
220,221,222,240,242,260,261,262,
221,222,223,241,243,261,262,263,
222,223,224,242,244,262,263,264,
223,224,225,243,245,263,264,265,
224,225,226,244,246,264,265,266,
225,226,227,245,247,265,266,267,
226,227,228,246,248,266,267,268,
227,228,229,247,249,267,268,269,
228,229,230,248,250,268,269,270,
229,230,231,249,251,269,270,271,
230,231,232,250,252,270,271,272,
231,232,233,251,253,271,272,273,
232,233,234,252,254,272,273,274,
233,234,235,253,255,273,274,275,
234,235,236,254,256,274,275,276,
235,236,237,255,257,275,276,277,
236,237,238,256,258,276,277,278,
237,238,239,257,259,277,278,279,
238,239,258,278,279,
240,241,261,280,281,
240,241,242,260,262,280,281,282,
241,242,243,261,263,281,282,283,
242,243,244,262,264,282,283,284,
243,244,245,263,265,283,284,285,
244,245,246,264,266,284,285,286,
245,246,247,265,267,285,286,287,
246,247,248,266,268,286,287,288,
247,248,249,267,269,287,288,289,
248,249,250,268,270,288,289,290,
249,250,251,269,271,289,290,291,
250,251,252,270,272,290,291,292,
251,252,253,271,273,291,292,293,
252,253,254,272,274,292,293,294,
253,254,255,273,275,293,294,295,
254,255,256,274,276,294,295,296,
255,256,257,275,277,295,296,297,
256,257,258,276,278,296,297,298,
257,258,259,277,279,297,298,299,
258,259,278,298,299,
260,261,281,
260,261,262,280,282,
261,262,263,281,283,
262,263,264,282,284,
263,264,265,283,285,
264,265,266,284,286,
265,266,267,285,287,
266,267,268,286,288,
267,268,269,287,289,
268,269,270,288,290,
269,270,271,289,291,
270,271,272,290,292,
271,272,273,291,293,
272,273,274,292,294,
273,274,275,293,295,
274,275,276,294,296,
275,276,277,295,297,
276,277,278,296,298,
277,278,279,297,299,
278,279,298,
