20,20,0
54.2857,20.0104,0
88.5714,20.0104,0
122.857,20.0104,0
157.143,20.0104,0
191.429,20.0104,0
225.714,20.0104,0
260,20.0104,0
294.286,20.0104,0
328.571,20.0104,0
362.857,20.0104,0
397.143,20.0104,0
431.429,20.0104,0
465.714,20.0104,0
500,20,0
20,40.0203,0
54.2857,40.0207,0
88.5714,40.0208,0
122.857,40.0208,0
157.143,40.0208,0
191.429,40.0208,0
225.714,40.0208,0
260,40.0208,0
294.286,40.0208,0
328.571,40.0208,0
362.857,40.0208,0
397.143,40.0208,0
431.429,40.0208,0
465.714,40.0207,0
500,40.0203,0
20,60.0201,0
54.2857,60.0194,0
88.5714,60.0194,0
122.857,60.0194,0
157.143,60.0194,0
191.429,60.0194,0
225.714,60.0194,0
260,60.0194,0
294.286,60.0194,0
328.571,60.0194,0
362.857,60.0194,0
397.143,60.0194,0
431.429,60.0194,0
465.714,60.0194,0
500,60.0201,0
20,80,0
54.2857,80,0
88.5714,80,0
122.857,80,0
157.143,80,0
191.429,80,0
225.714,80,0
260,80,0
294.286,80,0
328.571,80,0
362.857,80,0
397.143,80,0
431.429,80,0
465.714,80,0
500,80,0
20,100,0
54.2857,100,0
88.5714,100,0
122.857,100,0
157.143,100,0
191.429,100,0
225.714,100,0
260,100,0
294.286,100,0
328.571,100,0
362.857,100,0
397.143,100,0
431.429,100,0
465.714,100,0
500,100,0
20,120,0
54.2857,120,0
88.5714,120,0
122.857,120,0
157.143,120,0
191.429,120,0
225.714,120,0
260,120,0
294.286,120,0
328.571,120,0
362.857,120,0
397.143,120,0
431.429,120,0
465.714,120,0
500,120,0
20,140,0
54.2857,140,0
88.5714,140,0
122.857,140,0
157.143,140,0
191.429,140,0
225.714,140,0
260,140,0
294.286,140,0
328.571,140,0
362.857,140,0
397.143,140,0
431.429,140,0
465.714,140,0
500,140,0
20,160,0
54.2857,160,0
88.5714,160,0
122.857,160,0
157.143,160,0
191.429,160,0
225.714,160,0
260,160,0
294.286,160,0
328.571,160,0
362.857,160,0
397.143,160,0
431.429,160,0
465.714,160,0
500,160,0
20,180,0
54.2857,180,0
88.5714,180,0
122.857,180,0
157.143,180,0
191.429,180,0
225.714,180,0
260,180,0
294.286,180,0
328.571,180,0
362.857,180,0
397.143,180,0
431.429,180,0
465.714,180,0
500,180,0
20,200,0
54.2857,200,0
88.5714,200,0
122.857,200,0
157.143,200,0
191.429,200,0
225.714,200,0
260,200,0
294.286,200,0
328.571,200,0
362.857,200,0
397.143,200,0
431.429,200,0
465.714,200,0
500,200,0
20,220,0
54.2857,220,0
88.5714,220,0
122.857,220,0
157.143,220,0
191.429,220,0
225.714,220,0
260,220,0
294.286,220,0
328.571,220,0
362.857,220,0
397.143,220,0
431.429,220,0
465.714,220,0
500,220,0
20,240,0
54.2857,240,0
88.5714,240,0
122.857,240,0
157.143,240,0
191.429,240,0
225.714,240,0
260,240,0
294.286,240,0
328.571,240,0
362.857,240,0
397.143,240,0
431.429,240,0
465.714,240,0
500,240,0
20,260,0
54.2857,260,0
88.5714,260,0
122.857,260,0
157.143,260,0
191.429,260,0
225.714,260,0
260,260,0
294.286,260,0
328.571,260,0
362.857,260,0
397.143,260,0
431.429,260,0
465.714,260,0
500,260,0
20,280,0
54.2857,280,0
88.5714,280,0
122.857,280,0
157.143,280,0
191.429,280,0
225.714,280,0
260,280,0
294.286,280,0
328.571,280,0
362.857,280,0
397.143,280,0
431.429,280,0
465.714,280,0
500,280,0
20,300,0
54.2857,300,0
88.5714,300,0
122.857,300,0
157.143,300,0
191.429,300,0
225.714,300,0
260,300,0
294.286,300,0
328.571,300,0
362.857,300,0
397.143,300,0
431.429,300,0
465.714,300,0
500,300,0
