20,20,0
54.3375,20.7732,0
88.5714,21.0314,0
122.857,21.0898,0
157.143,21.0952,0
191.429,21.0952,0
225.714,21.0952,0
260,21.0952,0
294.286,21.0952,0
328.571,21.0952,0
362.857,21.0952,0
397.143,21.0837,0
431.429,20.9828,0
465.714,20.6966,0
500,20,0
19.9059,40.3207,0
54.1574,40.715,0
88.552,40.9377,0
122.857,41.0066,0
157.143,41.0206,0
191.429,41.0208,0
225.714,41.0208,0
260,41.0208,0
294.286,41.0208,0
328.571,41.0208,0
362.857,41.0206,0
397.143,41.0099,0
431.429,40.9253,0
465.714,40.65,0
500,40.3282,0
19.8444,60.427,0
54.1518,60.6491,0
88.5118,60.8008,0
122.857,60.8915,0
157.143,60.9189,0
191.429,60.9223,0
225.714,60.9223,0
260,60.9223,0
294.286,60.9223,0
328.571,60.9223,0
362.857,60.9191,0
397.143,60.9006,0
431.429,60.8208,0
465.714,60.6381,0
500,60.427,0
19.8569,80.382,0
54.2007,80.4919,0
88.5406,80.6202,0
122.857,80.7093,0
157.143,80.7681,0
191.429,80.7795,0
225.714,80.7799,0
260,80.7799,0
294.286,80.7799,0
328.571,80.7795,0
362.857,80.7683,0
397.143,80.7394,0
431.429,80.6498,0
465.714,80.5498,0
500,80.3875,0
19.8963,100.301,0
54.2124,100.356,0
88.5517,100.499,0
122.857,100.562,0
157.143,100.575,0
191.429,100.575,0
225.714,100.575,0
260,100.575,0
294.286,100.575,0
328.571,100.575,0
362.857,100.57,0
397.143,100.563,0
431.429,100.533,0
465.714,100.433,0
500,100.311,0
19.9053,120.229,0
54.2275,120.228,0
88.5642,120.271,0
122.857,120.348,0
157.143,120.376,0
191.429,120.379,0
225.714,120.38,0
260,120.38,0
294.286,120.38,0
328.571,120.377,0
362.857,120.371,0
397.143,120.353,0
431.429,120.344,0
465.714,120.241,0
500,120.229,0
19.9522,140.044,0
54.272,140.054,0
88.5714,140.072,0
122.857,140.128,0
157.143,140.152,0
191.429,140.155,0
225.714,140.155,0
260,140.155,0
294.286,140.155,0
328.571,140.155,0
362.857,140.147,0
397.143,140.135,0
431.429,140.094,0
465.714,140.092,0
500,140.055,0
20,160,0
54.2857,160,0
88.5714,160,0
122.857,160,0
157.143,160.003,0
191.429,160.008,0
225.714,160.009,0
260,160.009,0
294.286,160.009,0
328.571,160.007,0
362.857,160.002,0
397.143,160,0
431.429,160,0
465.714,160,0
500,160,0
20,180,0
54.2857,180,0
88.5714,180,0
122.857,180,0
157.143,180,0
191.429,180,0
225.714,180,0
260,180,0
294.286,180,0
328.571,180,0
362.857,180,0
397.143,180,0
431.429,180,0
465.714,180,0
500,180,0
20,200,0
54.2857,200,0
88.5714,200,0
122.857,200,0
157.143,200,0
191.429,200,0
225.714,200,0
260,200,0
294.286,200,0
328.571,200,0
362.857,200,0
397.143,200,0
431.429,200,0
465.714,200,0
500,200,0
20,220,0
54.2857,220,0
88.5714,220,0
122.857,220,0
157.143,220,0
191.429,220,0
225.714,220,0
260,220,0
294.286,220,0
328.571,220,0
362.857,220,0
397.143,220,0
431.429,220,0
465.714,220,0
500,220,0
20,240,0
54.2857,240,0
88.5714,240,0
122.857,240,0
157.143,240,0
191.429,240,0
225.714,240,0
260,240,0
294.286,240,0
328.571,240,0
362.857,240,0
397.143,240,0
431.429,240,0
465.714,240,0
500,240,0
20,260,0
54.2857,260,0
88.5714,260,0
122.857,260,0
157.143,260,0
191.429,260,0
225.714,260,0
260,260,0
294.286,260,0
328.571,260,0
362.857,260,0
397.143,260,0
431.429,260,0
465.714,260,0
500,260,0
20,280,0
54.2857,280,0
88.5714,280,0
122.857,280,0
157.143,280,0
191.429,280,0
225.714,280,0
260,280,0
294.286,280,0
328.571,280,0
362.857,280,0
397.143,280,0
431.429,280,0
465.714,280,0
500,280,0
20,300,0
54.2857,300,0
88.5714,300,0
122.857,300,0
157.143,300,0
191.429,300,0
225.714,300,0
260,300,0
294.286,300,0
328.571,300,0
362.857,300,0
397.143,300,0
431.429,300,0
465.714,300,0
500,300,0
